2x2_1 2 2 2
2x2_2 2 2 7
2x2_1 2 2 10
3x3_1 3 3 2
3x3_1 3 3 7
3x3_1 3 3 10
4x4_1 4 4 2
4x4_1 4 4 7
4x4_1 4 4 10
5x5_1 5 5 2
5x5_1 5 5 7
5x5_1 5 5 10
6x6_1 6 6 2
6x6_1 6 6 7
6x6_1 6 6 10
7x7_1 7 7 2
7x7_1 7 7 7
7x7_1 7 7 10
15x15_1 15 15 2
15x15_1 15 15 7
15x15_1 15 15 10
2x2_3 2 2 3
3x3_2 3 3 3
3x3_3 3 3 4
3x3_4 3 3 5
3x3_5 3 3 4
3x3_6 3 3 7
3x3_7 3 3 4
3x3_8 3 3 5
3x3_9 3 3 9
3x3_10 3 3 3
3x3_11 3 3 5
4x4_2 4 4 4
4x4_3 4 4 5
4x4_4 4 4 8
4x4_5 4 4 4
4x4_6 4 4 6
4x4_7 4 4 6
5x5_2 5 5 3
5x5_3 5 5 5
5x5_4 5 5 2
5x5_5 5 5 6
5x5_6 5 5 2
5x5_7 5 5 8
5x5_8 5 5 5
5x5_9 5 5 8
6x6_2 6 6 3
6x6_3 6 6 5
6x6_4 6 6 5
6x6_5 6 6 3
6x6_6 6 6 3
6x6_7 6 6 7
6x6_8 6 6 5
6x6_9 6 6 4
7x7_2 7 7 2
7x7_3 7 7 7
7x7_4 7 7 8
7x7_5 7 7 8
7x7_6 7 7 4
7x7_7 7 7 5
7x7_8 7 7 7
15x15_2 15 15 6
15x15_3 15 15 9
15x15_4 15 15 4
15x15_5 15 15 8
15x15_6 15 15 7
15x15_7 15 15 6
15x15_8 15 15 5
15x15_9 15 15 6
15x15_10 15 15 9