1 1 15 15

1 1 7 7
1 9 7 15
9 1 15 7
9 9 15 15

2 2 4 4
5 5 11 11
12 12 14 14
2 7 4 9
7 2 9 4
12 2 14 4
2 12 4 14
12 7 14 9
7 12 9 14

2 2 7 7
9 9 14 14
9 2 14 7
2 9 7 14

2 2 7 7
9 9 14 14
9 1 15 7
1 9 7 15

1 1 4 4
7 7 9 9
12 12 15 15
12 1 15 4
1 12 4 15
1 6 5 10
6 1 10 5
11 6 15 10
6 11 10 15

1 1 3 3
1 4 3 6
1 7 3 9
1 10 3 12
1 13 3 15
4 1 6 3
4 4 6 6
4 7 6 9
4 10 6 12
4 13 6 15
7 1 12 6
7 10 12 15
7 7 9 9
10 7 12 9
13 1 15 3
13 7 15 9
13 13 15 15

1 1 4 4
6 1 9 4
11 1 14 4
1 6 5 10
6 6 10 10
11 6 15 10
1 12 4 15
6 12 9 15
11 12 14 15

1 5 7 11
4 1 7 4
4 12 7 15
8 1 14 7
8 9 14 15

1 1 3 3
1 7 3 9
1 13 3 15
4 4 6 6
4 10 6 12
7 1 9 3
7 7 9 9
7 13 9 15
10 4 12 6
10 10 12 12
13 1 15 3
13 7 15 9
13 13 15 15

1 1 5 5
6 6 10 10
11 11 15 15
11 1 15 5
1 11 5 15
7 2 9 4
2 7 4 9
7 12 9 14
12 7 14 9

1 1 3 3
1 4 3 6
1 7 3 9
1 10 3 12
1 13 3 15
7 1 9 3
7 4 9 6
7 7 9 9
7 10 9 12
7 13 9 15
13 1 15 3
13 4 15 6
13 7 15 9
13 10 15 12
13 13 15 15

2 7 4 9
5 1 11 7
5 9 11 15
12 7 14 9